730,
570,
578080,
1172470,
1203220,
218,
271590,
1086940,
431960,
252490,
1091500,
1938090,
236390,
1517290,
230410,
359550,
289070,
440,
2195250,
346110,
394360,
1245620,
381210,
1085660,
227300,
322330,
105600,
473650,
1716740,
1063730,
1599340,
221100,
1904540,
480,
413150,
242760,
1248130,
1281930,
251570,
1174180,
108600,
582010,
2357570,
1623660,
550,
1222670,
594650,
489830,
4000,
1449850,
252950,
1049590,
739630,
322170,
238960,
513710,
438100,
1920960,
892970,
250900,
1811260,
294100,
1238810,
813780,
255710,
1142710,
304930,
39210,
236850,
261550,
1568590,
218620,
8930,
291550,
582660,
1361210,
1501750,
1364780,
1172620,
2285150,
1158310,
427520,
292030,
1260320,
284160,
444200,
2349820,
281990,
1551360,
1928420,
1919590,
275850,
629520,
960090,
1238840,
1446780,
393380,
1454400,
1329410,
107410,
1466860,
761890,
306130,
1677740,
2385860,
646570,
377160,
1607250,
244210,
548430,
766570,
10,
2322560,
1665460,
436150,
2444170,
440900,
1794680,
1905180,
1326470,
526870,
1325860,
648800,
457140,
3590,
552990,
990080,
1569040,
814380,
1267910,
552500,
1366800,
700330,
386360,
365670,
2344520,
1118200,
1293830,
1997040,
779340,
2050650,
529340,
613100,
1485590,
435150,
1476970,
1250410,
1942280,
714010,
671860,
1506830,
444090,
933110,
1426210,
386180,
1621690,
214950,
239140,
1888160,
231430,
632360,
1818450,
374320,
1627720,
233860,
686810,
812140,
1240440,
380600,
2167580,
976310,
1258080,
627690,
367520,
1151340,
1868140,
270880,
1283970,
1468810,
376210,
1237970,
216150,
1407200,
815370,
787860,
1447430,
518790,
244850,
1973530,
2338770,
1971870,
1687950,
1465360,
1066780,
48700,
945360,
473640,
1282100,
962130,
2194530,
8500,
1366540,
977400,
703080,
1286830,
4700,
240,
1418630,
2141910,
835570,
221380,
286160,
2080690,
701160,
232090,
1272080,
1973710,
397540,
1797880,
460930,
1549250,
1145360,
1147690,
899770,
495420,
728880,
594570,
1284210,
1876890,
2108330,
1217060,
2221490,
644930,
534380,
477160,
389730,
431730,
1604030,
1263850,
311210,
588650,
304390,
805550,
2231380,
268500,
219990,
1817070,
1527950,
602960,
1062090,
601510,
872410,
958260,
1535560,
881100,
1211020,
264710,
10500,
1336490,
1468260,
1644960,
877280,
1201240,
1943950,
453480,
2471100,
323190,
12210,
359320,
325610,
704850,
1144200,
527230,
438040,
363970,
1149460,
34330,
1343400,
262060,
1787090,
635260,
1167630,
573090,
1367080,
976730,
219740,
744900,
208650,
400040,
1987080,
1100600,
1128810,
49520,
1284190,
1169040,
356190,
2440510,
22380,
1222680,
72850,
1504980,
1259970,
1937780,
985810,
1150530,
1097150,
570940,
392160,
466560,
916440,
454650,
379430,
1084600,
1129580,
1044720,
582160,
913740,
203770,
2140330,
2563970,
1948980,
2452310,
1482520,
1401590,
603850,
551170,
620,
2420510,
1949740,
2208920,
1404210,
305620,
1046930,
1891700,
1041320,
1483870,
1029690,
581320,
1184370,
1384160,
1056640,
767560,
552520,
1881700,
307950,
351940,
784150,
1325200,
1189490,
670290,
1009850,
655500,
1677280,
2233790,
1336980,
225540,
1599600,
400750,
387990,
632810,
924970,
365590,
1151640,
2281730,
297000,
880940,
220200,
508440,
1328670,
786520,
1433140,
1625450,
32470,
269210,
2485640,
412220,
1869590,
1718570,
1902690,
410900,
1824220,
1622900,
335300,
1084160,
1593500,
383120,
307690,
361420,
2248760,
346900,
1238860,
289650,
824270,
505460,
493340,
588430,
457940,
1197260,
244450,
1488200,
774171,
1259420,
1335200,
1274570,
329110,
1180380,
690790,
1190000,
2250040,
1013320,
1206560,
266840,
8800,
2287220,
2296990,
34030,
977950,
629760,
2003310,
2107670,
228200,
40970,
1659040,
223750,
699130,
1256670,
601150,
312520,
707010,
2225070,
1537830,
1985170,
1147560,
1057090,
1432860,
2066020,
516750,
1574360,
47890,
285920,
2342950,
1180320,
883710,
471710,
492720,
719890,
1692250,
1714040,
2369390,
287700,
1069660,
1774580,
211820,
838350,
312660,
3910,
386940,
268910,
1817190,
200210,
2614110,
252530,
702320,
1332720,
365360,
311690,
2064650,
637090,
678960,
851850,
24010,
552100,
1377580,
1397920,
1229490,
1158160,
233450,
1594320,
35140,
568220,
1290000,
282070,
335240,
1690710,
756800,
1782210,
1399720,
304050,
475150,
872790,
1696440,
251060,
1008080,
1840,
218230,
663090,
885970,
1546320,
1276390,
1985810,
787480,
1937480,
2343650,
1022450,
1637320,
1669980,
2237970,
1173510,
1206610,
1286680,
1419170,
527430,
1244460,
466170,
769560,
843380,
1235140,
504230,
1583320,
905370,
1124300,
782330,
784080,
1304930,
975370,
367500,
2000950,
291480,
1969870,
1669000,
212680,
412020,
459820,
1259980,
469600,
849100,
665300,
669330,
632470,
1531430,
636480,
1119730,
599140,
834910,
1029780,
1338770,
1877960,
2218750,
678950,
1237950,
848450,
1213210,
627270,
1196590,
333420,
391540,
1343370,
1353300,
1222140,
389430,
109600,
1170950,
585420,
1815780,
241930,
253710,
1377380,
391220,
363890,
1284410,
231120,
799600,
646910,
242920,
349040,
493520,
9900,
9420,
4760,
2163330,
1092790,
1313140,
344740,
1974050,
307780,
955900,
569480,
760160,
1846380,
1357210,
1755830,
489520,
418370,
645630,
784950,
1827180,
382310,
1477830,
1611600,
220,
858820,
447020,
610080,
544810,
920210,
628070,
242050,
269950,
373420,
1850570,
673950,
2138710,
2437880,
1307890,
972660,
1940340,
1385380,
1448440,
212500,
1715280,
363150,
365960,
466240,
39510,
1162520,
1268750,
1172380,
1113000,
9450,
638970,
544730,
1102190,
960170,
1976440,
234140,
1942660,
640820,
1017900,
1089090,
1588010,
1888930,
502500,
221680,
447040,
2230110,
1105420,
1273400,
445220,
624090,
287450,
2305790,
1292940,
397900,
200260,
2250600,
872200,
632300,
1520470,
211500,
992070,
1222690,
274170,
550650,
1977530,
768200,
1449560,
1062520,
1954420,
750920,
22330,
1324130,
482730,
1333350,
362490,
464920,
535930,
620980,
919640,
1929610,
493490,
314160,
571740,
1462040,
666140,
362890,
1296610,
2063610,
1593350,
745920,
1144400,
2495750,
203160,
920490,
489630,
433340,
1473480,
298110,
1812820,
42960,
1961460,
690830,
704450,
753420,
17390,
1007040,
2140510,
2478080,
43160,
273110,
1937500,
494840,
1971650,
223710,
524220,
2495980,
228280,
392110,
2124680,
1094780,
268850,
555570,
705210,
1127400,
360430,
1584090,
1760250,
2362300,
1254120,
1295510,
780310,
3900,
1970580,
2606890,
859580,
2553870,
17480,
224260,
1557740,
3330,
1188930,
1486350,
1435790,
1827980,
257350,
1089350,
2290180,
1307550,
496300,
2235240,
751780,
1927780,
858810,
997070,
1536610,
2231450,
740130,
1496790,
16900,
1176470,
2239150,
1017180,
431240,
236110,
753640,
1737100,
220240,
200510,
1244090,
1687670,
2212330,
1641960,
1068820,
1371580,
1072040,
221040,
2022670,
312060,
704270,
617290,
228180,
524660,
2334220,
1526490,
219150,
105450,
2276930,
788100,
311310,
10180,
1364390,
1796220,
1958220,
1296830,
625960,
33230,
895400,
653530,
1498570,
70,
1948280,
1865780,
597180,
1054490,
204880,
379720,
2180600,
47410,
424840,
1313860,
388080,
1659420,
313120,
1455840,
1658150,
20900,
403640,
2068280,
232890,
823130,
1530300,
12120,
500,
209000,
1096900,
897330,
1150690,
1361350,
92,
223850,
326460,
674940,
331470,
672680,
22490,
1934780,
1351080,
1241100,
2279500,
1882500,
2014780,
418030,
952060,
1948800,
254700,
404790,
1649080,
378120,
1599330,
20920,
582500,
891040,
1922560,
364360,
629730,
1048370,
248390,
875210,
1042550,
1225330,
1509960,
234330,
800270,
204360,
438740,
502520,
774361,
1139900,
1341290,
1030840,
952860,
979920,
21690,
1171690,
2074800,
342200,
213670,
1097430,
400,
637650,
736820,
774801,
295270,
997010,
368500,
1451190,
2055050,
967050,
24200,
293760,
896660,
1355090,
2087030,
1288320,
611500,
42700,
222880,
783770,
47810,
1533390,
1437830,
2500750,
228380,
2154770,
1635450,
1629520,
65980,
2346550,
359870,
860510,
690640,
1127500,
1708520,
898920,
996470,
1644320,
2439510,
712100,
1671200,
1634680,
1437880,
80,
286690,
1066890,
636040,
1150440,
285900,
278080,
2103530,
1243830,
714210,
1467450,
337410,
550470,
2496860,
1583230,
1139980,
1966900,
780290,
2494960,
775500,
4500,
339600,
641990,
850170,
898750,
387290,
563560,
612880,
675010,
1690940,
415200,
546560,
698780,
1963370,
1887930,
78000,
444640,
212910,
2058190,
434650,
378860,
961200,
1426440,
682990,
1332010,
1777760,
883860,
986130,
1118310,
517630,
1694420,
1721470,
10190,
302670,
870780,
488790,
673610,
1860510,
2390260,
246620,
418460,
1630280,
7940,
282800,
239030,
1262580,
1281630,
42680,
865360,
973580,
2311260,
10090,
1096530,
476600,
1331550,
1790310,
402840,
2161440,
1128920,
300